episode_cnt: 16
eval/episode_len: 1000.0
eval/loco/action_rate2_l2: -3.3614602088928223
eval/loco/action_rate_l2: -5.292856216430664
eval/loco/angvel_xy_l2: -8.150569915771484
eval/loco/angvel_z_exp: 713.1741333007812
eval/loco/angvel_z_exp_shaped: 556.91845703125
eval/loco/base_height_l1: -23.995868682861328
eval/loco/energy_l1: -10.375862121582031
eval/loco/feet_air_time: -9.003339767456055
eval/loco/feet_contact_count: 183.0625
eval/loco/feet_slip: -77.33869934082031
eval/loco/joint_acc_l2: -66.02621459960938
eval/loco/joint_torques_l2: -63.615901947021484
eval/loco/linacc_z_l2: -17.34959602355957
eval/loco/linvel_exp: 1431.6812744140625
eval/loco/linvel_projection: 253.39540100097656
eval/loco/linvel_z_l2: -9.920201301574707
eval/loco/quadruped_stand: -89.80464935302734
eval/loco/return: 3102.7392578125
eval/loco/reward_clip_ratio: 1.8125
eval/loco/step_up: -2.589674711227417
eval/loco/step_up_needed: 5.640626907348633
eval/loco/survival: 1000.0
eval/loco/undesired_contact: -3.375
eval/success: 1.0
