episode_cnt: 16
eval/episode_len: 957.5
eval/loco/action_rate2_l2: -6.590859413146973
eval/loco/action_rate_l2: -8.733840942382812
eval/loco/angvel_xy_l2: -11.09859848022461
eval/loco/angvel_z_exp: 667.2999877929688
eval/loco/angvel_z_exp_shaped: 505.5969543457031
eval/loco/base_height_l1: -31.96625518798828
eval/loco/energy_l1: -11.207523345947266
eval/loco/feet_air_time: -11.302083015441895
eval/loco/feet_contact_count: 213.0625
eval/loco/feet_slip: -80.25308990478516
eval/loco/joint_acc_l2: -84.2611083984375
eval/loco/joint_torques_l2: -71.9949722290039
eval/loco/linacc_z_l2: -26.760082244873047
eval/loco/linvel_exp: 1337.590087890625
eval/loco/linvel_projection: 244.7552490234375
eval/loco/linvel_z_l2: -10.672945022583008
eval/loco/quadruped_stand: -75.01667785644531
eval/loco/return: 2856.46826171875
eval/loco/reward_clip_ratio: 4.625
eval/loco/step_up: -2.628541946411133
eval/loco/step_up_needed: 5.662503719329834
eval/loco/survival: 957.5
eval/loco/undesired_contact: -25.203125
eval/success: 0.875
