episode_cnt: 2239
eval/episode_len: 826.1806640625
eval/loco/action_rate2_l2: -11.699735641479492
eval/loco/action_rate_l2: -18.73347282409668
eval/loco/angvel_xy_l2: -12.254338264465332
eval/loco/angvel_z_exp: 1131.3570556640625
eval/loco/angvel_z_exp_shaped: 560.4080810546875
eval/loco/arm_swing: .nan
eval/loco/energy_l1: -63.23998260498047
eval/loco/feet_air_time: -6.246280670166016
eval/loco/feet_clearance: -10.251348495483398
eval/loco/feet_contact_count: 59.08544921875
eval/loco/feet_orientation: 155.16514587402344
eval/loco/feet_slip: -6.381000518798828
eval/loco/feet_step: 128.844482421875
eval/loco/feet_swing: 383.15411376953125
eval/loco/joint_acc_l2: -1.7894495725631714
eval/loco/joint_pos_default: -7.859412670135498
eval/loco/joint_torques_l2: -0.6781070828437805
eval/loco/joint_vel_l2: -15.044709205627441
eval/loco/linacc_z_l2: -56.3309326171875
eval/loco/linvel_exp: 959.96240234375
eval/loco/linvel_projection: 352.1781005859375
eval/loco/linvel_z_l2: -11.694366455078125
eval/loco/return: 4179.16845703125
eval/loco/reward_clip_ratio: 0.36083984375
eval/loco/root_orientation: 408.1979064941406
eval/loco/survival: 826.1806640625
eval/success: 0.69970703125
