episode_cnt: 2367
eval/episode_len: 748.08251953125
eval/loco/action_rate2_l2: -11.063516616821289
eval/loco/action_rate_l2: -18.461212158203125
eval/loco/angvel_xy_l2: -12.073341369628906
eval/loco/angvel_z_exp: 1016.0946044921875
eval/loco/angvel_z_exp_shaped: 502.9477233886719
eval/loco/arm_swing: .nan
eval/loco/energy_l1: -60.42044448852539
eval/loco/feet_air_time: -5.862712860107422
eval/loco/feet_clearance: -9.165755271911621
eval/loco/feet_contact_count: 60.29638671875
eval/loco/feet_orientation: 140.71188354492188
eval/loco/feet_slip: -5.412091255187988
eval/loco/feet_step: 106.15953063964844
eval/loco/feet_swing: 336.9984436035156
eval/loco/joint_acc_l2: -1.5193369388580322
eval/loco/joint_pos_default: -10.755773544311523
eval/loco/joint_torques_l2: -0.9585372805595398
eval/loco/joint_vel_l2: -16.6734561920166
eval/loco/linacc_z_l2: -54.27183532714844
eval/loco/linvel_exp: 817.705810546875
eval/loco/linvel_projection: 303.4593505859375
eval/loco/linvel_z_l2: -12.021336555480957
eval/loco/return: 3672.736083984375
eval/loco/reward_clip_ratio: 0.62353515625
eval/loco/root_orientation: 367.9103698730469
eval/loco/survival: 748.08251953125
eval/success: 0.5673828125
