episode_cnt: 16
eval/episode_len: 945.1875
eval/loco/action_rate2_l2: -11.473307609558105
eval/loco/action_rate_l2: -18.39603614807129
eval/loco/angvel_xy_l2: -11.219793319702148
eval/loco/angvel_z_exp: 1286.866455078125
eval/loco/angvel_z_exp_shaped: 624.1469116210938
eval/loco/arm_swing: 118.53636169433594
eval/loco/energy_l1: -67.07425689697266
eval/loco/feet_air_time: -5.392162799835205
eval/loco/feet_clearance: -18.33161735534668
eval/loco/feet_contact_count: 54.125
eval/loco/feet_orientation: 171.28982543945312
eval/loco/feet_slip: -8.406957626342773
eval/loco/feet_step: 172.34915161132812
eval/loco/feet_swing: 499.5260925292969
eval/loco/joint_acc_l2: -1.1392649412155151
eval/loco/joint_pos_default: -8.98067855834961
eval/loco/joint_torques_l2: -0.5391391515731812
eval/loco/joint_vel_l2: -24.808263778686523
eval/loco/linacc_z_l2: -54.36227798461914
eval/loco/linvel_exp: 1201.336669921875
eval/loco/linvel_projection: 493.770751953125
eval/loco/linvel_z_l2: -11.312643051147461
eval/loco/return: 5168.28857421875
eval/loco/reward_clip_ratio: 1.125
eval/loco/root_orientation: 466.4980163574219
eval/loco/survival: 945.1875
eval/success: 0.9375
