episode_cnt: 16
eval/episode_len: 1000.0
eval/loco/action_rate2_l2: -14.038026809692383
eval/loco/action_rate_l2: -19.844799041748047
eval/loco/angvel_xy_l2: -36.34960174560547
eval/loco/angvel_z_exp: 1408.4930419921875
eval/loco/angvel_z_exp_shaped: 721.3541870117188
eval/loco/arm_swing: 10.551058769226074
eval/loco/energy_l1: -95.46912384033203
eval/loco/feet_air_time: -3.0549678802490234
eval/loco/feet_clearance: -12.57187271118164
eval/loco/feet_contact_count: 37.8125
eval/loco/feet_orientation: 182.2942352294922
eval/loco/feet_slip: -9.76164722442627
eval/loco/feet_step: 165.64291381835938
eval/loco/feet_swing: 521.2710571289062
eval/loco/joint_acc_l2: -1.0384279489517212
eval/loco/joint_pos_default: -13.2821626663208
eval/loco/joint_torques_l2: -0.8200846910476685
eval/loco/joint_vel_l2: -12.943278312683105
eval/loco/linacc_z_l2: -32.65901184082031
eval/loco/linvel_exp: 1302.028564453125
eval/loco/linvel_projection: 466.493408203125
eval/loco/linvel_z_l2: -8.46996784210205
eval/loco/return: 5312.80126953125
eval/loco/reward_clip_ratio: 0.875
eval/loco/root_orientation: 494.218994140625
eval/loco/survival: 1000.0
eval/success: 1.0
