episode_cnt: 16
eval/episode_len: 1000.0
eval/loco/action_rate2_l2: -11.841976165771484
eval/loco/action_rate_l2: -18.03814125061035
eval/loco/angvel_xy_l2: -15.300455093383789
eval/loco/angvel_z_exp: 1415.95654296875
eval/loco/angvel_z_exp_shaped: 730.2870483398438
eval/loco/arm_swing: 7.71339225769043
eval/loco/energy_l1: -61.859375
eval/loco/feet_air_time: -4.617654323577881
eval/loco/feet_clearance: -3.229907512664795
eval/loco/feet_contact_count: 47.4375
eval/loco/feet_orientation: 183.72531127929688
eval/loco/feet_slip: -6.240967273712158
eval/loco/feet_step: 178.52903747558594
eval/loco/feet_swing: 509.78179931640625
eval/loco/joint_acc_l2: -1.3887887001037598
eval/loco/joint_pos_default: -8.978370666503906
eval/loco/joint_torques_l2: -13.268146514892578
eval/loco/joint_vel_l2: -11.412084579467773
eval/loco/linacc_z_l2: -44.56912612915039
eval/loco/linvel_exp: 1295.67138671875
eval/loco/linvel_projection: 462.3328857421875
eval/loco/linvel_z_l2: -6.709113597869873
eval/loco/return: 5379.279296875
eval/loco/reward_clip_ratio: 0.1875
eval/loco/root_orientation: 496.1661682128906
eval/loco/survival: 1000.0
eval/success: 1.0
