episode_cnt: 16
eval/episode_len: 918.375
eval/loco/action_rate2_l2: -9.227606773376465
eval/loco/action_rate_l2: -14.429107666015625
eval/loco/angvel_xy_l2: -22.24919319152832
eval/loco/angvel_z_exp: 1262.5565185546875
eval/loco/angvel_z_exp_shaped: 622.0643310546875
eval/loco/arm_swing: 77.94820404052734
eval/loco/energy_l1: -58.41912841796875
eval/loco/feet_air_time: -3.89294171333313
eval/loco/feet_clearance: -2.733213186264038
eval/loco/feet_contact_count: 42.9375
eval/loco/feet_orientation: 160.0907745361328
eval/loco/feet_slip: -7.526147842407227
eval/loco/feet_step: 162.5806121826172
eval/loco/feet_swing: 456.97393798828125
eval/loco/joint_acc_l2: -0.9715269804000854
eval/loco/joint_pos_default: -6.337294578552246
eval/loco/joint_torques_l2: -0.4830790162086487
eval/loco/joint_vel_l2: -12.567464828491211
eval/loco/linacc_z_l2: -40.740360260009766
eval/loco/linvel_exp: 1167.2919921875
eval/loco/linvel_projection: 460.54486083984375
eval/loco/linvel_z_l2: -8.911182403564453
eval/loco/return: 4975.07568359375
eval/loco/reward_clip_ratio: 1.5625
eval/loco/root_orientation: 456.45965576171875
eval/loco/survival: 918.375
eval/success: 0.875
